format=NHWC
width=224
height=224
bgr=false
mean=0.498039,0.498039,0.498039
std=0.501961,0.501961,0.501961
